AUDIT_COMPLETED 1
AUDIT_RAW_SEGMENTS 5
AUDIT_DOMAIN raw 1 0 0 0.02
AUDIT_DOMAIN raw 1 1 -1 1
AUDIT_ROW 1 0.02 raw_tmvPre_domain_eval 0 -5.0100414741536156e-05 0.10020035141645481
AUDIT_ROW 1 0.02 raw_tmv_domain_eval 0 -1 1
AUDIT_ROW 1 0.02 raw_Flowpipe_intEval_tube 0 -5.0100414741536156e-05 0.10020035141645481
AUDIT_ROW 1 0.02 raw_compose_tube 0 -5.0100414741536156e-05 0.10020035141645481
AUDIT_ROW 1 0.02 raw_compose_polynomial_tube 0 -5.0000000000001432e-05 0.10015005000000002
AUDIT_ROW 1 0.02 raw_compose_remainder_tube 0 -1.0041474153472037e-07 5.0301416454779968e-05
AUDIT_ROW 1 0.02 raw_compose_endpoint_direct 0 -5.0050414741541657e-05 0.10020035141645481
AUDIT_ROW 1 0.02 raw_compose_endpoint_substitute 0 -5.0050414741534719e-05 0.10020035141645481
AUDIT_ROW 1 0.02 raw_compose_polynomial_endpoint 0 -4.9950000000006933e-05 0.10015005000000002
AUDIT_ROW 1 0.02 raw_compose_remainder_endpoint 0 -1.0041474153472037e-07 5.0301416454779968e-05
AUDIT_ROW 1 0.02 raw_compose_normal_tube 0 -5.0100414741536156e-05 0.10020035141645481
AUDIT_ROW 1 0.02 raw_compose_normal_endpoint_direct 0 -5.0050414741541657e-05 0.10020035141645481
AUDIT_ROW 1 0.02 raw_compose_normal_endpoint_substitute 0 -5.0050414741534719e-05 0.10020035141645481
AUDIT_DOMAIN raw 2 0 0 0.02
AUDIT_DOMAIN raw 2 1 -1 1
AUDIT_ROW 2 0.040000000000000001 raw_tmvPre_domain_eval 0 -0.00015065318926946322 0.10040150731313252
AUDIT_ROW 2 0.040000000000000001 raw_tmv_domain_eval 0 -0.99899898903305939 0.99999999999999989
AUDIT_ROW 2 0.040000000000000001 raw_Flowpipe_intEval_tube 0 -0.00010035168505037823 0.10040150731313252
AUDIT_ROW 2 0.040000000000000001 raw_compose_tube 0 -0.00010035168505037823 0.10040150731313252
AUDIT_ROW 2 0.040000000000000001 raw_compose_polynomial_tube 0 -0.0001001501500999466 0.10030050060060042
AUDIT_ROW 2 0.040000000000000001 raw_compose_remainder_tube 0 -2.0153495043162757e-07 0.00010100671253209218
AUDIT_ROW 2 0.040000000000000001 raw_compose_endpoint_direct 0 -0.00010030153475002824 0.10040150731313252
AUDIT_ROW 2 0.040000000000000001 raw_compose_endpoint_substitute 0 -0.00010030153475002824 0.10040150731313251
AUDIT_ROW 2 0.040000000000000001 raw_compose_polynomial_endpoint 0 -0.00010009999979959661 0.10030050060060042
AUDIT_ROW 2 0.040000000000000001 raw_compose_remainder_endpoint 0 -2.0153495043162757e-07 0.00010100671253209218
AUDIT_ROW 2 0.040000000000000001 raw_compose_normal_tube 0 -0.00010035168505037823 0.10040150731313252
AUDIT_ROW 2 0.040000000000000001 raw_compose_normal_endpoint_direct 0 -0.00010030153475002824 0.10040150731313252
AUDIT_ROW 2 0.040000000000000001 raw_compose_normal_endpoint_substitute 0 -0.00010030153475002824 0.10040150731313251
AUDIT_DOMAIN raw 3 0 0 0.02
AUDIT_DOMAIN raw 3 1 -1 1
AUDIT_ROW 3 0.059999999999999998 raw_tmvPre_domain_eval 0 -0.00025181176006226807 0.10060347254622734
AUDIT_ROW 3 0.059999999999999998 raw_tmv_domain_eval 0 -0.99799597299616583 0.99999999999999989
AUDIT_ROW 3 0.059999999999999998 raw_Flowpipe_intEval_tube 0 -0.00015080456809707116 0.10060347254622731
AUDIT_ROW 3 0.059999999999999998 raw_compose_tube 0 -0.00015080456809707116 0.10060347254622731
AUDIT_ROW 3 0.059999999999999998 raw_compose_polynomial_tube 0 -0.00015050120240400061 0.10045135330721412
AUDIT_ROW 3 0.059999999999999998 raw_compose_remainder_tube 0 -3.03365693070541e-07 0.00015211923901319017
AUDIT_ROW 3 0.059999999999999998 raw_compose_endpoint_direct 0 -0.00015075426689336192 0.10060347254622731
AUDIT_ROW 3 0.059999999999999998 raw_compose_endpoint_substitute 0 -0.00015075426689336192 0.10060347254622731
AUDIT_ROW 3 0.059999999999999998 raw_compose_polynomial_endpoint 0 -0.00015045090120029136 0.10045135330721412
AUDIT_ROW 3 0.059999999999999998 raw_compose_remainder_endpoint 0 -3.03365693070541e-07 0.00015211923901319017
AUDIT_ROW 3 0.059999999999999998 raw_compose_normal_tube 0 -0.00015080456809707116 0.10060347254622731
AUDIT_ROW 3 0.059999999999999998 raw_compose_normal_endpoint_direct 0 -0.00015075426689336192 0.10060347254622731
AUDIT_ROW 3 0.059999999999999998 raw_compose_normal_endpoint_substitute 0 -0.00015075426689336192 0.10060347254622731
AUDIT_DOMAIN raw 4 0 0 0.02
AUDIT_DOMAIN raw 4 1 -1 1
AUDIT_ROW 4 0.080000000000000002 raw_tmvPre_domain_eval 0 -0.0003535805907250651 0.10080625201110846
AUDIT_ROW 4 0.080000000000000002 raw_tmv_domain_eval 0 -0.99699094584866677 1
AUDIT_ROW 4 0.080000000000000002 raw_Flowpipe_intEval_tube 0 -0.00020146017202307066 0.10080625201110846
AUDIT_ROW 4 0.080000000000000002 raw_compose_tube 0 -0.00020146017202307066 0.10080625201110846
AUDIT_ROW 4 0.080000000000000002 raw_compose_polynomial_tube 0 -0.00020105406354076205 0.10060260963250231
AUDIT_ROW 4 0.080000000000000002 raw_compose_remainder_tube 0 -4.0610848230858302e-07 0.00020364237860614277
AUDIT_ROW 4 0.080000000000000002 raw_compose_endpoint_direct 0 -0.00020140971930996611 0.10080625201110846
AUDIT_ROW 4 0.080000000000000002 raw_compose_endpoint_substitute 0 -0.00020140971930995917 0.10080625201110846
AUDIT_ROW 4 0.080000000000000002 raw_compose_polynomial_endpoint 0 -0.0002010036108276575 0.10060260963250231
AUDIT_ROW 4 0.080000000000000002 raw_compose_remainder_endpoint 0 -4.0610848230858302e-07 0.00020364237860614277
AUDIT_ROW 4 0.080000000000000002 raw_compose_normal_tube 0 -0.00020146017202307066 0.10080625201110846
AUDIT_ROW 4 0.080000000000000002 raw_compose_normal_endpoint_direct 0 -0.00020140971930996611 0.10080625201110846
AUDIT_ROW 4 0.080000000000000002 raw_compose_normal_endpoint_substitute 0 -0.00020140971930995917 0.10080625201110846
AUDIT_DOMAIN raw 5 0 0 0.019999999998999998
AUDIT_DOMAIN raw 5 1 -1 1
AUDIT_ROW 5 0.099999999999 raw_tmvPre_domain_eval 0 -0.00045596380367897351 0.10100985064270845
AUDIT_ROW 5 0.099999999999 raw_tmv_domain_eval 0 -0.99598390540665416 1.0000000000000002
AUDIT_ROW 5 0.099999999999 raw_Flowpipe_intEval_tube 0 -0.00025231942859671935 0.10100985064270847
AUDIT_ROW 5 0.099999999999 raw_compose_tube 0 -0.00025231942859671935 0.10100985064270847
AUDIT_ROW 5 0.099999999999 raw_compose_polynomial_tube 0 -0.0002518096449906429 0.10075427109640915
AUDIT_ROW 5 0.099999999999 raw_compose_remainder_tube 0 -5.0978360607644166e-07 0.00025557954629930492
AUDIT_ROW 5 0.099999999999 raw_compose_endpoint_direct 0 -0.0002522688237651442 0.10100985064270847
AUDIT_ROW 5 0.099999999999 raw_compose_endpoint_substitute 0 -0.0002522688237651442 0.10100985064270847
AUDIT_ROW 5 0.099999999999 raw_compose_polynomial_endpoint 0 -0.00025175904015906775 0.10075427109640915
AUDIT_ROW 5 0.099999999999 raw_compose_remainder_endpoint 0 -5.0978360607644166e-07 0.00025557954629930492
AUDIT_ROW 5 0.099999999999 raw_compose_normal_tube 0 -0.0002523194285967194 0.10100985064270848
AUDIT_ROW 5 0.099999999999 raw_compose_normal_endpoint_direct 0 -0.00025226882376514425 0.10100985064270848
AUDIT_ROW 5 0.099999999999 raw_compose_normal_endpoint_substitute 0 -0.00025226882376514425 0.10100985064270848
AUDIT_TRANSFORMED_SEGMENTS 5
AUDIT_DOMAIN transformed 1 0 0 0.02
AUDIT_DOMAIN transformed 1 1 -1 1
AUDIT_ROW 1 0.02 transformed_tube 0 -5.0100414741536156e-05 0.10020035141645481
AUDIT_ROW 1 0.02 transformed_polynomial_tube 0 -5.0000000000001432e-05 0.10015005000000002
AUDIT_ROW 1 0.02 transformed_remainder_tube 0 -1.0041474153472037e-07 5.0301416454779968e-05
AUDIT_ROW 1 0.02 transformed_endpoint_direct 0 -5.0050414741541657e-05 0.10020035141645481
AUDIT_ROW 1 0.02 transformed_endpoint_substitute 0 -5.0050414741534719e-05 0.10020035141645481
AUDIT_ROW 1 0.02 transformed_polynomial_endpoint 0 -4.9950000000006933e-05 0.10015005000000002
AUDIT_ROW 1 0.02 transformed_remainder_endpoint 0 -1.0041474153472037e-07 5.0301416454779968e-05
AUDIT_DOMAIN transformed 2 0 0 0.02
AUDIT_DOMAIN transformed 2 1 -1 1
AUDIT_ROW 2 0.040000000000000001 transformed_tube 0 -0.00010035168505037823 0.10040150731313252
AUDIT_ROW 2 0.040000000000000001 transformed_polynomial_tube 0 -0.0001001501500999466 0.10030050060060042
AUDIT_ROW 2 0.040000000000000001 transformed_remainder_tube 0 -2.0153495043162757e-07 0.00010100671253209218
AUDIT_ROW 2 0.040000000000000001 transformed_endpoint_direct 0 -0.00010030153475002824 0.10040150731313252
AUDIT_ROW 2 0.040000000000000001 transformed_endpoint_substitute 0 -0.00010030153475002824 0.10040150731313251
AUDIT_ROW 2 0.040000000000000001 transformed_polynomial_endpoint 0 -0.00010009999979959661 0.10030050060060042
AUDIT_ROW 2 0.040000000000000001 transformed_remainder_endpoint 0 -2.0153495043162757e-07 0.00010100671253209218
AUDIT_DOMAIN transformed 3 0 0 0.02
AUDIT_DOMAIN transformed 3 1 -1 1
AUDIT_ROW 3 0.059999999999999998 transformed_tube 0 -0.00015080456809707116 0.10060347254622731
AUDIT_ROW 3 0.059999999999999998 transformed_polynomial_tube 0 -0.00015050120240400061 0.10045135330721412
AUDIT_ROW 3 0.059999999999999998 transformed_remainder_tube 0 -3.03365693070541e-07 0.00015211923901319017
AUDIT_ROW 3 0.059999999999999998 transformed_endpoint_direct 0 -0.00015075426689336192 0.10060347254622731
AUDIT_ROW 3 0.059999999999999998 transformed_endpoint_substitute 0 -0.00015075426689336192 0.10060347254622731
AUDIT_ROW 3 0.059999999999999998 transformed_polynomial_endpoint 0 -0.00015045090120029136 0.10045135330721412
AUDIT_ROW 3 0.059999999999999998 transformed_remainder_endpoint 0 -3.03365693070541e-07 0.00015211923901319017
AUDIT_DOMAIN transformed 4 0 0 0.02
AUDIT_DOMAIN transformed 4 1 -1 1
AUDIT_ROW 4 0.080000000000000002 transformed_tube 0 -0.00020146017202307066 0.10080625201110846
AUDIT_ROW 4 0.080000000000000002 transformed_polynomial_tube 0 -0.00020105406354076205 0.10060260963250231
AUDIT_ROW 4 0.080000000000000002 transformed_remainder_tube 0 -4.0610848230858302e-07 0.00020364237860614277
AUDIT_ROW 4 0.080000000000000002 transformed_endpoint_direct 0 -0.00020140971930996611 0.10080625201110846
AUDIT_ROW 4 0.080000000000000002 transformed_endpoint_substitute 0 -0.00020140971930995917 0.10080625201110846
AUDIT_ROW 4 0.080000000000000002 transformed_polynomial_endpoint 0 -0.0002010036108276575 0.10060260963250231
AUDIT_ROW 4 0.080000000000000002 transformed_remainder_endpoint 0 -4.0610848230858302e-07 0.00020364237860614277
AUDIT_DOMAIN transformed 5 0 0 0.019999999998999998
AUDIT_DOMAIN transformed 5 1 -1 1
AUDIT_ROW 5 0.099999999999 transformed_tube 0 -0.00025231942859671935 0.10100985064270847
AUDIT_ROW 5 0.099999999999 transformed_polynomial_tube 0 -0.0002518096449906429 0.10075427109640915
AUDIT_ROW 5 0.099999999999 transformed_remainder_tube 0 -5.0978360607644166e-07 0.00025557954629930492
AUDIT_ROW 5 0.099999999999 transformed_endpoint_direct 0 -0.0002522688237651442 0.10100985064270847
AUDIT_ROW 5 0.099999999999 transformed_endpoint_substitute 0 -0.0002522688237651442 0.10100985064270847
AUDIT_ROW 5 0.099999999999 transformed_polynomial_endpoint 0 -0.00025175904015906775 0.10075427109640915
AUDIT_ROW 5 0.099999999999 transformed_remainder_endpoint 0 -5.0978360607644166e-07 0.00025557954629930492
AUDIT_SAFE_ADVANCE 1 1
AUDIT_ROW 1 0.02 safe_candidate_tube 0 -0.00015000000000000145 0.10025005000000002
AUDIT_ROW 1 0.02 safe_candidate_endpoint_direct 0 -0.00014995000000000695 0.10025005000000002
AUDIT_ROW 1 0.02 safe_candidate_endpoint_substitute 0 -0.00014995000000000001 0.10025005000000002
AUDIT_SAFE_ADVANCE 2 1
AUDIT_ROW 2 0.040000000000000001 safe_candidate_tube 0 -0.0003003503502999536 0.10050070080080042
AUDIT_ROW 2 0.040000000000000001 safe_candidate_endpoint_direct 0 -0.00030030019999960361 0.10050070080080042
AUDIT_ROW 2 0.040000000000000001 safe_candidate_endpoint_substitute 0 -0.00030030019999960361 0.10050070080080042
AUDIT_SAFE_ADVANCE 3 1
AUDIT_ROW 3 0.059999999999999998 safe_candidate_tube 0 -0.00045110260540922264 0.10075195471021935
AUDIT_ROW 3 0.059999999999999998 safe_candidate_endpoint_direct 0 -0.00045105230420551339 0.10075195471021935
AUDIT_ROW 3 0.059999999999999998 safe_candidate_endpoint_substitute 0 -0.00045105230420551339 0.10075195471021935
AUDIT_SAFE_ADVANCE 4 1
AUDIT_ROW 4 0.080000000000000002 safe_candidate_tube 0 -0.00060225847838570989 0.10100381404734726
AUDIT_ROW 4 0.080000000000000002 safe_candidate_endpoint_direct 0 -0.00060220802567260534 0.10100381404734726
AUDIT_ROW 4 0.080000000000000002 safe_candidate_endpoint_substitute 0 -0.0006022080256725984 0.10100381404734726
AUDIT_SAFE_ADVANCE 5 1
AUDIT_ROW 5 0.10000000000000001 safe_candidate_tube 0 -0.00075381969118999193 0.10125628114261356
AUDIT_ROW 5 0.10000000000000001 safe_candidate_endpoint_direct 0 -0.00075376908635840984 0.10125628114261356
AUDIT_ROW 5 0.10000000000000001 safe_candidate_endpoint_substitute 0 -0.00075376908635840984 0.10125628114261355
